% discount curve of 29/06/2007
P=[
0.5	0.97584
1	0.95223
1.5	0.92914
2	0.90712
2.5	0.88629
3	0.86643
3.5	0.84724
4	0.82856
4.5	0.81032
5	0.7925
5.5	0.77506
6	0.75799
6.5	0.74127
7	0.72489
7.5	0.70884
8	0.69312
8.5	0.6777
9	0.66258
9.5	0.64776
10	0.63322
10.5	0.61896
11	0.60497
11.5	0.59125
12	0.5778
12.5	0.5646
13	0.55165
13.5	0.53895
14	0.52649
14.5	0.51427
15	0.50229
15.5	0.49055
16	0.47903
16.5	0.46774
17	0.45668
17.5	0.44584
18	0.43523
18.5	0.42483
19	0.41464
19.5	0.40467
20	0.39492
20.5	0.38537
21	0.37604
21.5	0.3669
22	0.35798
22.5	0.34925
23	0.34073
23.5	0.33241
24	0.32428
24.5	0.31635
25	0.30862
25.5	0.30107
26	0.29372
26.5	0.28655
27	0.27957
27.5	0.27277
28	0.26615
28.5	0.25971
29	0.25345
29.5	0.24736
30	0.24145
];
